[3204  146]
[2518  281]
[3186  358]
[3577  411]
[919  17]
[397 118]
[179 136]
[2384  146]
[2475  229]
[366 265]
[1014  260]
[142 364]
[504 362]
[528 389]
[2628  386]
[1851  434]
[1768  471]
[ 43 500]
[ 74 524]
[2302  510]
[223 549]
[696 573]
[744 607]
[1910  644]
[148 665]
[686 688]
[2420  667]
[3562  673]
[1699  755]
[3431  780]
[791 829]
[1375  852]
[1567  867]
[2827  838]
[3410  860]
[898 899]
[2088  894]
[2486  876]
[1509  932]
[866 948]
[944 965]
[2208  948]
[2327  958]
[2837  962]
[2676  993]
[ 792 1185]
[1031 1187]
[1934 1181]
[2698 1208]
[2788 1221]
[1148 1258]
[ 516 1306]
[1494 1322]
[1240 1374]
[2395 1368]
[2086 1409]
[2243 1409]
[1683 1444]
[1894 1419]
[2155 1420]
[ 601 1487]
[ 182 1524]
[ 429 1537]
[ 726 1515]
[ 744 1546]
[2914 1555]
[ 581 1592]
[2289 1598]
[2847 1593]
[3548 1632]
[1986 1727]
[ 822 1781]
[1018 1770]
[1271 1810]
[2077 1809]
[3585 1802]
[ 409 1825]
[ 517 1844]
[ 638 1838]
[1691 1826]
[ 897 1896]
[3553 1909]
[1044 1929]
[1098 1942]
[1858 2008]
[2651 2022]
[ 829 2051]
[1968 2043]
[2211 2039]
[3196 2031]
[1007 2085]
[1429 2074]
[1896 2068]
[2454 2073]
[3465 2065]
[3794 2116]
[2082 2195]
[2596 2180]
[2676 2216]
[2749 2228]
[3337 2245]
[1767 2294]
[2577 2304]
[3469 2305]
[3280 2359]
[2257 2380]
[2346 2389]
[3347 2391]
[ 337 2423]
[ 640 2427]
[ 690 2430]
[  92 2459]
[ 253 2446]
[ 439 2466]
[3490 2461]
[ 316 2498]
[1786 2482]
[3325 2495]
[  43 2531]
[ 592 2516]
[2223 2510]
[2351 2518]
[2406 2604]
[3744 2603]
[3527 2628]
[ 962 2654]
[ 543 2683]
[1305 2694]
[1977 2701]
[ 261 2714]
[ 458 2706]
[ 982 2736]
[1864 2726]
[3152 2712]
[3352 2712]
[1568 2751]
[1890 2760]
[1948 2759]
[2312 2772]
[1232 2791]
[2130 2838]
[1141 2870]
[ 161 2928]
[1624 2934]
[ 103 2946]
[ 366 2955]
[1652 2952]
[2715 2962]
[3737 2960]
[1128 3037]
[3004 3037]
[3289 3036]
[  96 3051]
[2511 3050]
[ 458 3084]
[3590 3128]
[3742 3131]
[ 957 3202]
[1483 3193]
[1217 3244]
[2394 3276]
[2563 3372]
[ 760 3413]
[2802 3416]
[3466 3386]
[ 178 3444]
[ 304 3478]
[1391 3511]
[ 565 3550]
[2274 3557]
[2191 3620]
[  46 3623]
[ 228 3672]
