[225  46]
[638  40]
[755  44]
[802  39]
[883  36]
[1253   12]
[1630   26]
[3179   42]
[114  86]
[3596  102]
[2263  134]
[1345  142]
[1518  140]
[244 168]
[793 194]
[1008  186]
[1567  172]
[2982  171]
[876 200]
[512 237]
[578 237]
[988 234]
[1062  253]
[1244  240]
[1476  233]
[3080  255]
[328 263]
[702 257]
[1386  266]
[743 298]
[1629  310]
[552 321]
[1134  340]
[1406  327]
[163 375]
[2124  390]
[2768  387]
[3574  382]
[544 412]
[1533  416]
[652 456]
[775 473]
[816 519]
[852 506]
[2059  515]
[905 530]
[2235  537]
[2885  538]
[138 569]
[870 566]
[919 575]
[1364  561]
[1442  571]
[551 598]
[1027  595]
[1146  589]
[1640  601]
[744 642]
[3480  642]
[258 680]
[554 734]
[1020  711]
[1620  728]
[3647  722]
[202 752]
[768 761]
[961 750]
[1151  762]
[1479  747]
[1677  745]
[2307  738]
[2833  758]
[1506  772]
[3522  776]
[544 802]
[566 823]
[1902  808]
[2164  801]
[2484  818]
[3354  850]
[2053  873]
[3754  864]
[188 913]
[1565  914]
[1376  931]
[3465  916]
[ 17 967]
[905 951]
[ 565 1000]
[ 165 1034]
[1507 1033]
[1655 1030]
[1970 1024]
[2464 1034]
[1061 1058]
[ 267 1086]
[1473 1109]
[ 980 1130]
[1604 1153]
[1672 1154]
[ 837 1165]
[ 668 1200]
[1366 1216]
[1440 1213]
[2713 1204]
[3661 1208]
[1189 1222]
[1478 1244]
[1570 1234]
[2875 1230]
[ 538 1261]
[ 696 1274]
[1164 1273]
[2033 1256]
[3763 1254]
[ 134 1283]
[ 920 1280]
[2450 1305]
[3590 1286]
[1042 1308]
[3612 1326]
[ 517 1362]
[ 704 1354]
[ 870 1358]
[1521 1341]
[1119 1377]
[1461 1372]
[1616 1378]
[ 602 1400]
[1929 1411]
[ 444 1447]
[ 632 1461]
[ 750 1465]
[ 951 1474]
[1780 1471]
[  39 1499]
[ 110 1491]
[1445 1513]
[1941 1514]
[3734 1502]
[ 190 1524]
[ 375 1520]
[1960 1537]
[1990 1578]
[2696 1574]
[ 196 1606]
[ 327 1583]
[ 782 1602]
[1040 1601]
[1558 1596]
[1691 1582]
[1821 1586]
[1881 1596]
[2059 1605]
[ 355 1622]
[ 896 1614]
[1246 1621]
[1415 1610]
[1746 1630]
[ 940 1638]
[1493 1653]
[1703 1666]
[1981 1642]
[ 356 1678]
[1401 1713]
[1449 1723]
[1866 1700]
[1918 1722]
[  70 1746]
[ 528 1753]
[ 763 1730]
[1961 1732]
[2193 1740]
[3054 1731]
[ 650 1760]
[1735 1802]
[ 901 1832]
[1987 1823]
[2361 1835]
[ 490 1858]
[3032 1875]
[ 161 1882]
[ 944 1886]
[2910 1880]
[1044 1908]
[1538 1918]
[3177 1936]
[ 684 1955]
[ 822 1961]
[1683 1979]
[3771 1991]
[ 367 1999]
[1183 2003]
[1278 2008]
[1929 2045]
[2188 2050]
[2302 2078]
[ 101 2106]
[2404 2107]
[2798 2113]
[3488 2113]
[ 813 2140]
[2032 2142]
[2443 2138]
[1123 2157]
[2828 2162]
[ 444 2178]
[2280 2191]
[ 417 2240]
[1178 2243]
[2233 2247]
[3619 2258]
[ 246 2278]
[1364 2290]
[2856 2280]
[2624 2324]
[2709 2324]
[ 407 2355]
[1138 2339]
[1904 2345]
[2425 2332]
[3013 2338]
[ 802 2375]
[2982 2370]
[3282 2376]
[1239 2412]
[3803 2413]
[1838 2436]
[2022 2442]
[3548 2424]
[  17 2469]
[1008 2465]
[2915 2462]
[2977 2472]
[3384 2462]
[2470 2486]
[2710 2500]
[3729 2502]
[ 766 2534]
[1840 2523]
[2328 2530]
[2499 2517]
[ 243 2546]
[2070 2544]
[2422 2563]
[2684 2539]
[3249 2564]
[3624 2554]
[1260 2593]
[1693 2570]
[3454 2582]
[ 221 2605]
[ 596 2615]
[2737 2622]
[3328 2624]
[ 917 2651]
[3451 2636]
[1126 2685]
[1314 2662]
[2562 2662]
[3037 2666]
[3344 2674]
[3726 2682]
[1745 2712]
[2004 2692]
[3037 2714]
[3724 2713]
[ 297 2728]
[1088 2735]
[2796 2722]
[1160 2764]
[3025 2752]
[3763 2770]
[ 430 2785]
[ 652 2800]
[2730 2781]
[2900 2803]
[ 294 2809]
[1146 2832]
[1840 2832]
[2344 2824]
[2860 2828]
[3513 2811]
[3572 2813]
[3659 2812]
[ 410 2862]
[ 674 2858]
[ 708 2855]
[1707 2878]
[2246 2893]
[2486 2892]
[2787 2870]
[3333 2877]
[3668 2872]
[ 306 2918]
[3582 2920]
[ 260 2932]
[ 328 2953]
[1423 2939]
[1170 2978]
[1328 2962]
[1686 2971]
[2184 2976]
[3164 2980]
[1596 3012]
[2737 3009]
[3261 2991]
[3484 3002]
[1513 3040]
[ 281 3054]
[ 430 3054]
[1502 3070]
[1650 3065]
[1920 3072]
[2963 3049]
[3479 3069]
[ 100 3088]
[ 213 3088]
[ 948 3100]
[1447 3092]
[1842 3078]
[2483 3101]
[ 515 3114]
[1112 3120]
[1162 3108]
[1272 3119]
[1709 3119]
[2928 3134]
[2969 3110]
[  45 3161]
[ 486 3160]
[3008 3144]
[2849 3190]
[ 866 3208]
[1079 3204]
[2490 3220]
[3296 3220]
[3740 3218]
[ 320 3232]
[ 742 3240]
[1104 3239]
[1834 3243]
[3003 3228]
[3264 3254]
[1621 3271]
[3115 3289]
[ 413 3313]
[1442 3312]
[1873 3311]
[2209 3296]
[2264 3315]
[2616 3302]
[3642 3304]
[ 190 3330]
[ 549 3320]
[1904 3342]
[2438 3324]
[2823 3329]
[2918 3329]
[  37 3362]
[ 565 3368]
[1610 3369]
[3230 3366]
[3372 3362]
[1141 3393]
[2937 3380]
[1144 3435]
[2438 3410]
[3294 3430]
[3454 3434]
[3576 3426]
[ 460 3454]
[1394 3451]
[2347 3463]
[3622 3456]
[3669 3447]
[ 964 3482]
[1924 3493]
[3609 3494]
[ 929 3510]
[1754 3522]
[2044 3508]
[2366 3500]
[2634 3505]
[3633 3519]
[3793 3511]
[ 142 3541]
[2545 3528]
[1047 3582]
[2532 3570]
[ 512 3629]
[ 758 3625]
[1311 3632]
[1892 3641]
[2052 3624]
[2093 3624]
[2495 3624]
[1588 3658]
[1780 3651]
[2082 3657]
[2172 3651]
[2502 3667]
[3157 3675]
[  39 3696]
[ 452 3690]
[ 637 3678]
[1933 3687]
[2193 3692]
[2672 3686]
