[1732  258]
[1992  354]
[1764  402]
[3686  444]
[2370  548]
[2559  565]
[3095  640]
[3324  683]
[3749  692]
[2702  759]
[2926  740]
[2522  785]
[2497  873]
[627  32]
[1199   48]
[1590   47]
[102  58]
[143  67]
[1879   83]
[311 145]
[127 215]
[387 226]
[780 252]
[1104  234]
[452 273]
[576 275]
[1612  284]
[160 301]
[336 366]
[537 365]
[724 405]
[248 480]
[1290  520]
[1342  537]
[303 565]
[1443  579]
[ 80 650]
[1232  662]
[1094  684]
[ 48 704]
[1538  705]
[144 761]
[503 762]
[1102  761]
[1904  757]
[290 796]
[1048  828]
[281 863]
[3313  840]
[150 890]
[614 912]
[2583  921]
[485 952]
[3278  957]
[3660  950]
[ 48 972]
[2726 1000]
[ 621 1038]
[ 813 1029]
[ 143 1059]
[ 783 1063]
[2114 1060]
[ 268 1084]
[ 752 1081]
[1862 1075]
[2230 1084]
[2392 1079]
[3628 1098]
[ 350 1158]
[ 849 1164]
[1993 1170]
[2498 1166]
[3491 1169]
[ 236 1176]
[ 333 1193]
[ 992 1241]
[2888 1241]
[3462 1215]
[1773 1246]
[2548 1282]
[ 932 1316]
[1449 1320]
[1636 1319]
[2387 1342]
[2726 1338]
[2888 1310]
[ 981 1377]
[1061 1374]
[1576 1360]
[ 831 1401]
[2090 1416]
[2156 1417]
[2734 1463]
[2823 1467]
[3511 1452]
[1261 1498]
[1981 1488]
[ 558 1540]
[2278 1522]
[  56 1563]
[1201 1579]
[1538 1600]
[2270 1607]
[1926 1633]
[1716 1660]
[2924 1655]
[ 649 1742]
[ 765 1739]
[1673 1740]
[3406 1748]
[ 475 1782]
[ 785 1770]
[2607 1777]
[3572 1761]
[ 234 1793]
[ 623 1810]
[2001 1816]
[1933 1842]
[2175 1828]
[2412 1831]
[3534 1828]
[ 896 1879]
[2084 1862]
[ 844 1892]
[1041 1894]
[1294 1908]
[1710 1898]
[2545 1897]
[3397 1912]
[3822 1902]
[2628 1943]
[2697 1947]
[3173 1926]
[3760 1942]
[ 438 1968]
[ 544 1971]
[ 662 1959]
[1055 1970]
[1110 1987]
[3205 1964]
[1856 1996]
[1887 2028]
[3288 2050]
[ 837 2080]
[1010 2088]
[1428 2059]
[2063 2077]
[2538 2090]
[3780 2091]
[3817 2121]
[3245 2126]
[3436 2160]
[1748 2171]
[2220 2174]
[2291 2165]
[3788 2176]
[ 608 2223]
[2315 2196]
[3273 2204]
[ 314 2246]
[3679 2247]
[  69 2284]
[ 228 2264]
[ 286 2295]
[ 557 2283]
[1752 2280]
[2185 2278]
[2355 2294]
[3466 2276]
[ 680 2329]
[3280 2312]
[3795 2312]
[  15 2337]
[ 426 2360]
[2238 2350]
[3088 2348]
[2051 2368]
[ 925 2416]
[1816 2425]
[1929 2406]
[1268 2448]
[1522 2464]
[1897 2447]
[3186 2445]
[3650 2463]
[ 516 2484]
[ 946 2498]
[1574 2480]
[2418 2497]
[ 234 2516]
[ 430 2510]
[1188 2509]
[2641 2513]
[1092 2558]
[1562 2563]
[2922 2555]
[3642 2565]
[3494 2576]
[ 124 2666]
[ 325 2668]
[3336 2646]
[  66 2679]
[1069 2672]
[1129 2706]
[2304 2730]
[2680 2707]
[  53 2742]
[ 407 2739]
[1409 2744]
[ 892 2786]
[2465 2784]
[ 666 2838]
[3808 2828]
[ 212 2905]
[ 468 2937]
[1301 2940]
[2170 2919]
[2084 2964]
[2537 2973]
[3306 2970]
[ 106 2978]
[3029 2993]
[2010 3034]
[2881 3034]
[3675 3040]
[1703 3077]
[ 670 3108]
[1098 3089]
[3633 3093]
[  33 3112]
[ 141 3121]
[3558 3118]
[ 116 3154]
[2064 3153]
[2418 3160]
[2641 3154]
[1045 3212]
[1188 3186]
[1823 3208]
[2389 3204]
[2684 3210]
[ 773 3220]
[ 942 3239]
[3069 3232]
[ 752 3280]
[1592 3252]
[3437 3274]
[ 866 3294]
[1769 3311]
[3631 3288]
[ 184 3346]
[1137 3344]
[1535 3348]
[2804 3327]
[3478 3342]
[3634 3328]
[2390 3364]
[ 383 3408]
[1808 3402]
[1969 3399]
[2521 3387]
[ 790 3449]
[ 990 3450]
[1276 3449]
[1425 3444]
[3346 3444]
[ 493 3458]
[2224 3455]
[3250 3458]
[3390 3477]
[3564 3461]
[3779 3468]
[ 436 3502]
[1058 3496]
[2218 3493]
[1554 3552]
[2842 3526]
[1252 3586]
[3167 3555]
[ 424 3592]
[1010 3605]
[1817 3614]
[1940 3589]
[2375 3609]
[2941 3587]
[3128 3614]
[ 460 3630]
[1213 3635]
[1728 3650]
[2685 3641]
[  54 3673]
[ 498 3682]
[ 779 3690]
[2516 3659]
[2577 3661]
[2713 3682]
