[2525  207]
[1991  308]
[3609  329]
[3687  405]
[2863  459]
[2371  509]
[3122  500]
[2565  553]
[3098  607]
[3328  656]
[3754  669]
[2928  713]
[2526  757]
[1876   24]
[307  82]
[123 150]
[386 174]
[1102  178]
[448 218]
[574 219]
[778 195]
[1731  205]
[156 241]
[1612  232]
[334 310]
[534 310]
[1765  355]
[725 366]
[248 434]
[1291  476]
[1345  493]
[303 516]
[1443  540]
[ 79 605]
[1233  626]
[1094  646]
[ 49 665]
[1540  669]
[144 721]
[293 766]
[507 735]
[1108  742]
[1911  746]
[1050  796]
[282 828]
[3321  822]
[151 856]
[2504  850]
[618 893]
[2587  899]
[487 926]
[3668  940]
[ 50 949]
[3285  943]
[2730  986]
[ 145 1036]
[ 625 1016]
[ 819 1016]
[ 270 1059]
[ 757 1070]
[ 786 1049]
[1868 1059]
[2122 1061]
[2396 1067]
[2239 1087]
[3636 1095]
[ 354 1137]
[ 239 1160]
[ 856 1156]
[1999 1158]
[2504 1157]
[3500 1170]
[ 337 1172]
[1000 1240]
[1780 1238]
[2896 1240]
[3472 1218]
[ 938 1310]
[2556 1280]
[1456 1313]
[1643 1315]
[2394 1339]
[2735 1341]
[2899 1313]
[ 985 1370]
[1068 1378]
[1581 1357]
[2405 1373]
[ 839 1406]
[2102 1432]
[2166 1434]
[2744 1472]
[2832 1473]
[3525 1478]
[1272 1508]
[1988 1493]
[ 566 1542]
[2291 1544]
[  65 1565]
[1212 1580]
[1545 1605]
[1936 1646]
[2281 1620]
[1728 1670]
[2935 1674]
[  15 1714]
[ 657 1749]
[ 776 1748]
[ 793 1780]
[1686 1765]
[3421 1786]
[ 242 1800]
[ 483 1790]
[ 632 1818]
[2622 1814]
[3585 1791]
[2012 1839]
[1946 1874]
[2095 1885]
[2189 1862]
[2427 1868]
[3549 1861]
[ 854 1908]
[ 907 1901]
[1052 1911]
[1722 1920]
[1304 1927]
[2560 1935]
[ 448 1983]
[ 554 1986]
[ 672 1975]
[1067 1993]
[2643 1983]
[2712 1987]
[3188 1960]
[3414 1959]
[3776 1982]
[1121 2012]
[1869 2022]
[3222 2011]
[1903 2055]
[1441 2086]
[ 848 2104]
[1023 2114]
[2077 2111]
[3307 2095]
[2554 2131]
[3796 2139]
[3261 2170]
[1762 2206]
[2236 2214]
[2306 2212]
[3452 2209]
[3806 2225]
[ 622 2257]
[2330 2237]
[3290 2252]
[ 326 2277]
[  82 2316]
[ 241 2297]
[ 298 2329]
[ 571 2320]
[1768 2320]
[2199 2321]
[3483 2328]
[3698 2300]
[ 692 2362]
[2372 2343]
[  27 2371]
[ 440 2393]
[3299 2366]
[3814 2370]
[2069 2423]
[2255 2402]
[3107 2402]
[ 940 2457]
[1946 2451]
[1284 2491]
[1832 2473]
[1913 2494]
[ 530 2521]
[1536 2511]
[1591 2533]
[3206 2511]
[3670 2526]
[ 247 2555]
[ 445 2549]
[ 962 2543]
[1204 2556]
[2436 2558]
[2659 2572]
[1108 2606]
[1579 2614]
[2941 2616]
[3663 2633]
[3514 2643]
[  80 2722]
[ 138 2709]
[ 340 2715]
[1086 2724]
[3358 2720]
[1147 2767]
[  68 2789]
[ 423 2787]
[1429 2802]
[2322 2793]
[2701 2780]
[ 910 2840]
[2485 2853]
[ 685 2899]
[ 229 2968]
[ 487 3002]
[1319 3007]
[2190 2992]
[ 123 3036]
[2105 3039]
[2559 3058]
[3329 3055]
[3054 3081]
[2032 3116]
[2904 3118]
[3700 3131]
[  53 3180]
[ 691 3178]
[1117 3161]
[1724 3153]
[ 159 3185]
[3584 3211]
[3658 3186]
[ 136 3219]
[2086 3235]
[2441 3246]
[2666 3246]
[  15 3268]
[1206 3261]
[ 793 3294]
[ 962 3313]
[1067 3288]
[1844 3290]
[2412 3291]
[2707 3300]
[1614 3339]
[3096 3331]
[ 774 3361]
[ 890 3377]
[3465 3379]
[1794 3406]
[3658 3389]
[ 203 3422]
[1162 3432]
[1559 3441]
[2828 3422]
[3507 3444]
[3661 3431]
[2416 3462]
[ 404 3487]
[1832 3493]
[1993 3497]
[2548 3490]
[ 516 3540]
[ 813 3534]
[1013 3536]
[1300 3539]
[1449 3534]
[3374 3553]
[ 457 3584]
[2250 3559]
[3277 3565]
[3416 3584]
[3591 3570]
[3808 3585]
[1082 3591]
[2244 3592]
[1578 3647]
[2869 3632]
[ 446 3678]
[1279 3685]
[1965 3687]
[3195 3666]
