[1887  100]
[3584  206]
[2758  257]
[2267  307]
[3018  297]
[2464  366]
[2994  408]
[3224  459]
[2826  517]
[2422  559]
[2604  534]
[52 32]
[468  14]
[1507   26]
[228 104]
[429 104]
[1661  150]
[620 168]
[144 234]
[1188  274]
[198 316]
[1239  293]
[1339  339]
[991 447]
[1130  428]
[1437  472]
[3650  475]
[ 40 523]
[404 540]
[1003  552]
[1809  559]
[190 575]
[178 630]
[948 602]
[3218  630]
[ 48 660]
[2401  657]
[516 704]
[2485  708]
[384 734]
[3180  753]
[3566  753]
[2630  795]
[522 825]
[717 831]
[ 42 848]
[168 865]
[685 862]
[1766  867]
[656 885]
[2021  880]
[2294  877]
[2139  908]
[3534  911]
[250 949]
[2403  969]
[138 974]
[233 984]
[754 973]
[1897  971]
[3398  987]
[3370 1035]
[ 898 1059]
[1679 1052]
[2796 1057]
[2456 1097]
[ 836 1129]
[1354 1128]
[1542 1130]
[2798 1131]
[1481 1172]
[2294 1157]
[2634 1159]
[ 884 1186]
[ 966 1201]
[2304 1198]
[ 739 1228]
[2002 1259]
[2067 1260]
[2645 1293]
[2732 1293]
[1171 1331]
[1890 1314]
[2737 1326]
[3426 1313]
[ 465 1364]
[2191 1372]
[1109 1404]
[1445 1428]
[2182 1444]
[1835 1469]
[1628 1493]
[2836 1502]
[ 556 1572]
[ 677 1573]
[ 382 1613]
[ 693 1604]
[1588 1595]
[ 142 1621]
[ 531 1644]
[2524 1647]
[3324 1624]
[3488 1623]
[1912 1666]
[1850 1707]
[1997 1714]
[2090 1696]
[2329 1702]
[3449 1694]
[ 755 1735]
[ 808 1730]
[ 952 1738]
[1624 1749]
[1204 1756]
[2463 1772]
[3741 1777]
[ 348 1810]
[ 453 1814]
[ 572 1801]
[ 968 1823]
[2545 1819]
[3089 1793]
[3316 1799]
[3678 1818]
[1022 1841]
[2615 1825]
[3125 1849]
[1771 1855]
[1342 1917]
[1805 1891]
[ 750 1934]
[ 924 1946]
[1979 1945]
[3213 1932]
[2456 1967]
[3699 1980]
[3763 1980]
[3164 2010]
[3737 2012]
[1665 2042]
[2138 2050]
[2210 2052]
[3356 2051]
[2233 2074]
[3192 2091]
[3708 2068]
[ 227 2113]
[ 524 2093]
[ 142 2132]
[ 472 2156]
[1671 2157]
[2102 2158]
[3601 2144]
[ 199 2167]
[2273 2182]
[3387 2172]
[ 340 2227]
[ 592 2198]
[3203 2209]
[3717 2215]
[2157 2244]
[3008 2243]
[ 842 2293]
[1850 2291]
[1973 2267]
[1185 2329]
[1735 2314]
[ 432 2360]
[1441 2350]
[1817 2336]
[3108 2360]
[ 148 2392]
[ 346 2388]
[ 864 2382]
[1105 2395]
[1495 2379]
[3573 2374]
[2340 2404]
[2562 2418]
[1010 2447]
[1483 2457]
[2845 2462]
[3417 2494]
[3568 2483]
[  41 2549]
[ 243 2557]
[ 989 2566]
[3263 2574]
[ 326 2631]
[1050 2615]
[2606 2632]
[3799 2612]
[1332 2647]
[2226 2643]
[ 812 2685]
[2390 2701]
[ 588 2749]
[3737 2776]
[ 133 2816]
[ 389 2853]
[1224 2856]
[2095 2843]
[  25 2883]
[2010 2890]
[2463 2916]
[2959 2939]
[3234 2912]
[1938 2972]
[2810 2974]
[1629 3006]
[3605 2992]
[  64 3034]
[ 593 3034]
[1022 3013]
[  39 3070]
[  74 3067]
[3490 3072]
[3564 3047]
[1992 3094]
[2347 3105]
[2572 3108]
[ 970 3143]
[1113 3116]
[ 697 3147]
[ 866 3169]
[1749 3148]
[2318 3150]
[2614 3160]
[1522 3198]
[3002 3194]
[ 679 3219]
[ 795 3236]
[3371 3246]
[ 108 3276]
[1701 3268]
[3564 3255]
[1068 3293]
[1466 3303]
[2735 3285]
[3412 3310]
[3567 3298]
[3768 3301]
[ 309 3343]
[2323 3328]
[1738 3354]
[1900 3361]
[2454 3354]
[ 420 3399]
[ 718 3392]
[ 919 3396]
[1205 3400]
[1355 3393]
[3822 3394]
[ 363 3444]
[2156 3424]
[3185 3433]
[3280 3425]
[3499 3438]
[ 989 3454]
[2150 3456]
[3324 3453]
[3715 3458]
[1485 3511]
[2775 3499]
[ 351 3539]
[1186 3550]
[3103 3534]
[ 940 3569]
[1749 3580]
[1873 3554]
[2878 3575]
[ 390 3590]
[1146 3603]
[1660 3616]
[2311 3590]
[2620 3619]
[3064 3598]
[ 425 3636]
[ 711 3656]
[2452 3644]
[2511 3641]
[2647 3664]
[3796 3674]
