[2479   97]
[1945  197]
[3560  218]
[3641  288]
[2816  344]
[2325  393]
[3075  386]
[2514  423]
[3050  489]
[3279  535]
[3704  546]
[2881  592]
[2659  609]
[2478  635]
[2454  728]
[79 49]
[340  66]
[1056   72]
[403 114]
[526 114]
[732  91]
[1684   98]
[112 139]
[1566  124]
[287 205]
[489 204]
[677 253]
[1715  245]
[201 323]
[1244  364]
[1297  382]
[255 408]
[1396  424]
[ 32 496]
[1186  512]
[1047  531]
[1493  553]
[ 98 608]
[457 615]
[1058  618]
[1861  618]
[245 650]
[1003  678]
[3271  696]
[235 713]
[104 740]
[569 770]
[2539  776]
[438 806]
[3235  815]
[3618  810]
[2683  859]
[576 894]
[769 889]
[ 96 915]
[738 922]
[1818  932]
[2072  925]
[2346  937]
[221 939]
[708 943]
[2188  952]
[3584  962]
[ 191 1035]
[ 305 1016]
[ 806 1026]
[1949 1030]
[2455 1027]
[3449 1034]
[ 287 1050]
[1730 1105]
[2846 1103]
[3418 1081]
[ 949 1108]
[2506 1146]
[ 889 1181]
[1406 1182]
[1594 1183]
[2343 1204]
[2684 1204]
[2848 1177]
[ 935 1239]
[1016 1241]
[1532 1223]
[ 788 1270]
[2050 1291]
[2114 1291]
[2692 1332]
[2782 1337]
[3470 1332]
[1220 1367]
[1940 1356]
[ 515 1408]
[2238 1398]
[  14 1430]
[1160 1445]
[1494 1469]
[2228 1479]
[1883 1506]
[1676 1530]
[2884 1530]
[ 606 1612]
[ 724 1611]
[1633 1619]
[ 742 1642]
[3367 1632]
[3532 1642]
[ 191 1663]
[ 432 1653]
[ 580 1680]
[2567 1661]
[1959 1694]
[2135 1711]
[2373 1714]
[3495 1710]
[1894 1724]
[2043 1739]
[ 803 1767]
[ 854 1756]
[1000 1768]
[1670 1775]
[2506 1782]
[1253 1785]
[3134 1808]
[3359 1801]
[3784 1786]
[ 395 1842]
[ 502 1846]
[ 620 1834]
[1014 1848]
[2588 1830]
[2658 1833]
[3165 1852]
[3720 1828]
[1068 1866]
[1815 1876]
[1849 1909]
[1388 1939]
[3247 1938]
[ 796 1958]
[ 968 1968]
[2023 1960]
[2497 1977]
[3741 1981]
[3805 1980]
[3208 2013]
[3778 2011]
[1708 2054]
[2252 2053]
[3397 2051]
[2182 2060]
[2277 2083]
[3749 2066]
[ 568 2107]
[3234 2094]
[ 185 2147]
[ 272 2128]
[3642 2140]
[  28 2168]
[ 243 2180]
[ 516 2167]
[1714 2165]
[2145 2165]
[2316 2185]
[3429 2169]
[ 638 2214]
[3243 2204]
[3755 2207]
[ 385 2243]
[2012 2260]
[2199 2241]
[3050 2240]
[1890 2293]
[ 885 2303]
[1777 2316]
[1228 2335]
[1482 2353]
[1859 2336]
[3150 2342]
[3613 2360]
[ 389 2396]
[ 476 2369]
[ 906 2388]
[1535 2373]
[2380 2392]
[ 192 2402]
[1148 2399]
[2602 2408]
[1054 2449]
[1524 2455]
[2884 2450]
[3604 2464]
[3457 2476]
[  25 2566]
[  83 2554]
[ 285 2560]
[1031 2563]
[3300 2548]
[  15 2632]
[ 368 2630]
[1090 2603]
[2266 2628]
[2644 2609]
[1373 2639]
[ 854 2679]
[2429 2684]
[ 627 2735]
[3772 2736]
[ 173 2802]
[ 430 2836]
[1263 2839]
[2132 2821]
[  66 2872]
[2048 2867]
[2499 2882]
[2994 2902]
[3271 2877]
[1974 2940]
[2846 2939]
[3640 2951]
[ 632 3010]
[1060 2991]
[1666 2981]
[3599 3005]
[ 102 3020]
[3524 3031]
[  78 3053]
[ 114 3049]
[2028 3061]
[2383 3069]
[2607 3066]
[1150 3089]
[ 736 3124]
[ 904 3142]
[1009 3117]
[1784 3115]
[2353 3114]
[2650 3120]
[1557 3161]
[3036 3147]
[ 716 3187]
[ 831 3202]
[3403 3191]
[3597 3204]
[1735 3225]
[2769 3240]
[3600 3244]
[3801 3245]
[ 146 3251]
[1102 3255]
[1500 3261]
[2357 3278]
[3444 3258]
[ 345 3312]
[1773 3313]
[1934 3313]
[2487 3304]
[ 457 3366]
[ 754 3358]
[ 954 3359]
[1240 3360]
[1390 3354]
[2190 3373]
[3216 3377]
[3312 3364]
[3531 3380]
[ 400 3410]
[1023 3410]
[2184 3408]
[3357 3395]
[3746 3392]
[2808 3445]
[1519 3467]
[3134 3475]
[ 388 3501]
[ 974 3518]
[1219 3501]
[1906 3505]
[2907 3511]
[ 424 3544]
[1179 3551]
[1783 3529]
[2341 3530]
[3093 3536]
[  18 3584]
[1693 3566]
[2484 3582]
[2542 3582]
[2652 3560]
[ 462 3594]
[ 744 3607]
[2679 3603]
[3824 3604]
[1614 3648]
[3335 3644]
[3745 3628]
[1203 3666]
[1964 3667]
[2958 3679]
