[2519  326]
[1984  422]
[3600  437]
[2548  612]
[3740  745]
[2917  796]
[2514  840]
[3306  892]
[2574  973]
[1670   30]
[622 108]
[1585  118]
[ 97 136]
[137 140]
[1194  123]
[1873  153]
[305 219]
[121 287]
[381 294]
[774 322]
[1098  304]
[444 344]
[570 345]
[152 373]
[329 435]
[528 435]
[716 468]
[1758  469]
[241 545]
[1284  583]
[297 628]
[1336  600]
[1434  641]
[ 72 714]
[1224  725]
[ 40 764]
[1086  744]
[1531  764]
[136 823]
[495 817]
[1094  814]
[1894  805]
[282 852]
[1038  886]
[272 922]
[141 949]
[604 964]
[3650  996]
[  39 1026]
[ 475 1007]
[2716 1051]
[ 133 1110]
[ 612 1093]
[ 803 1077]
[2104 1100]
[ 259 1137]
[ 742 1129]
[ 773 1112]
[1852 1125]
[2218 1124]
[2382 1127]
[3617 1140]
[ 838 1205]
[ 226 1226]
[ 340 1210]
[1982 1216]
[2488 1210]
[3480 1211]
[ 322 1246]
[3451 1256]
[ 980 1284]
[1764 1292]
[2877 1287]
[2537 1324]
[ 920 1360]
[1438 1364]
[1625 1364]
[2715 1377]
[2879 1351]
[1564 1404]
[2378 1386]
[ 820 1442]
[ 969 1422]
[1050 1415]
[2079 1451]
[2143 1450]
[3498 1477]
[2722 1500]
[2810 1499]
[1250 1534]
[1971 1527]
[ 546 1579]
[2262 1552]
[  44 1604]
[1190 1619]
[1525 1638]
[2258 1642]
[1914 1670]
[1705 1696]
[2912 1688]
[ 636 1781]
[ 756 1776]
[1660 1770]
[3392 1768]
[ 462 1819]
[ 772 1807]
[2594 1802]
[3559 1788]
[ 221 1832]
[ 610 1847]
[1987 1849]
[2161 1853]
[2399 1854]
[3520 1853]
[1919 1868]
[2071 1892]
[ 883 1910]
[2530 1917]
[ 831 1926]
[1028 1928]
[1279 1940]
[1698 1928]
[3159 1950]
[3382 1930]
[3810 1924]
[2612 1965]
[2682 1969]
[3190 1982]
[3746 1964]
[ 426 2001]
[ 531 2004]
[ 650 1992]
[1042 2001]
[1096 2021]
[1843 2022]
[1876 2055]
[1414 2087]
[3273 2068]
[ 823 2110]
[ 998 2118]
[2049 2103]
[2524 2113]
[3764 2110]
[3230 2146]
[3801 2139]
[1734 2195]
[2276 2184]
[3420 2179]
[3772 2192]
[2205 2196]
[2300 2217]
[3258 2222]
[ 593 2249]
[3663 2261]
[ 214 2289]
[ 299 2270]
[2169 2295]
[3449 2292]
[  55 2310]
[ 270 2320]
[ 544 2307]
[1739 2301]
[2340 2314]
[3266 2326]
[3779 2325]
[ 666 2357]
[3073 2363]
[ 412 2385]
[2035 2383]
[2222 2365]
[1915 2424]
[ 911 2438]
[1802 2444]
[1883 2463]
[3170 2454]
[1253 2467]
[1506 2482]
[1558 2495]
[3634 2473]
[ 416 2531]
[ 502 2505]
[ 931 2521]
[1172 2529]
[2400 2508]
[2624 2526]
[ 218 2538]
[2906 2565]
[1077 2577]
[1547 2579]
[3478 2585]
[3626 2574]
[3318 2650]
[  49 2698]
[ 108 2686]
[ 310 2689]
[1054 2688]
[1112 2720]
[2286 2736]
[2664 2711]
[  37 2762]
[ 390 2755]
[1395 2756]
[ 876 2801]
[2449 2791]
[3788 2826]
[ 650 2850]
[ 196 2918]
[2152 2926]
[ 450 2947]
[1284 2950]
[2067 2970]
[2518 2974]
[3288 2970]
[  88 2991]
[3008 2990]
[1992 3036]
[2862 3033]
[3655 3037]
[1081 3096]
[1685 3082]
[3540 3112]
[3614 3090]
[  15 3120]
[ 123 3130]
[ 652 3113]
[  99 3163]
[2046 3155]
[2399 3160]
[2622 3148]
[1170 3190]
[1804 3209]
[2370 3204]
[2665 3206]
[ 756 3226]
[ 924 3244]
[1027 3218]
[3051 3223]
[ 733 3280]
[1574 3250]
[3416 3262]
[3612 3278]
[ 849 3295]
[1750 3307]
[3814 3316]
[1120 3343]
[1516 3346]
[2784 3320]
[3459 3332]
[3614 3319]
[ 166 3352]
[2370 3356]
[2499 3377]
[ 365 3412]
[1789 3398]
[1949 3392]
[ 772 3449]
[ 971 3448]
[1258 3448]
[1406 3442]
[2204 3446]
[3229 3446]
[3324 3430]
[3544 3448]
[3756 3451]
[ 476 3459]
[2198 3484]
[3368 3464]
[ 418 3501]
[1037 3490]
[2821 3514]
[1535 3547]
[3146 3542]
[1232 3578]
[1918 3580]
[2919 3572]
[ 405 3590]
[ 989 3597]
[1798 3604]
[2354 3596]
[3106 3600]
[ 440 3624]
[1193 3626]
[1707 3643]
[2495 3643]
[2554 3650]
[2664 3628]
[  35 3671]
[ 478 3677]
[ 758 3682]
[2692 3668]
[3755 3683]
